01 49 02 48 76 E0 00 00 BC 18 00 03 E2 0D 13 08 
01 49 02 48 6E E0 00 00 BC 18 00 03 EF 0D 13 08 
01 49 02 48 66 E0 00 00 BC 18 00 03 FC 0D 13 08 
01 49 02 48 5E E0 00 00 BC 18 00 03 09 0E 13 08 
01 49 02 48 56 E0 00 00 BC 18 00 03 18 0E 13 08 
01 49 02 48 4E E0 00 00 BC 18 00 03 27 0E 13 08 
01 49 02 48 46 E0 00 00 BC 18 00 03 34 0E 13 08 
01 49 02 48 3E E0 00 00 BC 18 00 03 41 0E 13 08 
01 49 02 48 36 E0 00 00 BC 18 00 03 4E 0E 13 08 
01 49 02 48 2E E0 00 00 BC 18 00 03 5D 0E 13 08 
01 49 02 48 26 E0 00 00 BC 18 00 03 6C 0E 13 08 
01 49 02 48 1E E0 00 00 BC 18 00 03 79 0E 13 08 
01 49 02 48 16 E0 00 00 BC 18 00 03 86 0E 13 08 
01 49 02 48 0E E0 00 00 BC 18 00 03 93 0E 13 08 
01 49 02 48 06 E0 00 00 BC 18 00 03 A2 0E 13 08
                                    @@ @@ @@ @@

@@ @@ @@ ワープスクリプトが供述してあるスクリプトのアドレス
