8C E5 13 08 6C E9 13 08 5C E9 13 08 FC E5 13 08 7C E9 13 08 EC EC 13 08 1C ED 13 08 1C EE 13 08 CC FE 13 08 00 00 00 00 00 00 00 00 00 00 00 00 00 00 00 00 00 00 00 00 00 00 00 00 00 00 00 00 EC B1 43 08 6C B3 43 08 0C B3 43 08 CC B2 43 08 AC B3 43 08 EC AE 43 08 4C AF 43 08 EC B1 43 08 EC B1 43 08 EC B1 43 08 EC B1 43 08 EC B1 43 08 

?@|?A|?B|?C|?D|?E|?F      |  |?G      |  |?H   |
79 01 18 14 07 00 5A 18 11 08 75 0E 10 08 05 00 
79 02 28 0A 06 08 00 00 00 00 AD 0D 10 08 06 00 
20 03 38 12 06 08 00 00 00 00 00 00 00 00 07 00 
79 04 48 04 07 00 3B 18 11 08 9F 0D 10 08 08 00 
00 05 54 07 06 00 00 00 00 00 00 00 00 00 09 00 
20 06 64 0C 06 00 00 00 00 00 00 00 00 00 0A 00 
08 08 70 0C 07 89 00 00 00 00 00 00 00 00 0B 00 
FF
