8C E5 13 08 4C E9 13 08 3C E9 13 08 FC EC 13 08 0C ED 13 08 6C E9 13 08 00 00 00 00 00 00 00 00 00 00 00 00 00 00 00 00 00 00 00 00 00 00 00 00 00 00 00 00 00 00 00 00 00 00 00 00 00 00 00 00 
キャラクターイメージのアドレス

EC B1 43 08 0C B3 43 08 6C B3 43 08 0C AF 43 08 2C AF 43 08 8C B3 43 08 EC B1 43 08 2C B3 43 08 EC B1 43 08 EC B1 43 08 EC B1 43 08 EC B1 43 08 
キャラクター用のパレットのアドレス

79 01 78 0A 05 00 00 00 00 00 4F 08 13 08 0C 00 
39 02 28 0E 07 00 30 4B 12 08 51 DA 10 08 0D 00 
60 03 34 05 02 00 00 00 00 00 00 00 00 00 0E 00 
60 04 44 0E 04 00 30 4B 12 08 00 00 00 00 0F 00 
79 05 58 08 07 00 98 18 11 08 17 18 11 08 10 00 
キャラクタースクリプト参照

FF 00 00 00
フッター
